/*--------------------------------*- C++ -*----------------------------------*\
| =========                 |                                                 |
| \\      /  F ield         | OpenFOAM: The Open Source CFD Toolbox           |
|  \\    /   O peration     | Version:  2312                                  |
|   \\  /    A nd           | Website:  www.openfoam.com                      |
|    \\/     M anipulation  |                                                 |
\*---------------------------------------------------------------------------*/
FoamFile
{
    version     2.0;
    format      binary;
    arch        "LSB;label=32;scalar=64";
    class       cellSet;
    location    "constant/polyMesh/sets";
    object      addedCells;
}
// * * * * * * * * * * * * * * * * * * * * * * * * * * * * * * * * * * * * * //


1812
(
54295
54296
54297
54298
54299
54300
54301
54302
54303
54304
54305
54306
54307
54308
54309
54310
54311
54312
54313
54314
54315
54316
54317
54318
54319
54320
54321
54322
54323
54324
54325
54326
54327
54328
54329
54330
54331
54332
54333
54334
54335
58431
54336
58432
54337
58433
54338
58434
54339
58435
54340
58436
54341
58437
54342
58438
54343
58439
54344
58440
54345
58441
54346
58442
54347
58443
54348
58444
54349
58445
54350
58446
54351
58447
54352
58448
54353
58449
54354
58450
54355
58451
54356
58452
54357
58453
54358
58454
54359
58455
54360
58456
54361
58457
54362
58458
54363
58459
54364
58460
54365
58461
54366
58462
54367
58463
54368
58464
54369
58465
54370
58466
54371
58467
54372
58468
54373
58469
54374
58470
54375
58471
54376
58472
54377
58473
54378
58474
54379
58475
54380
58476
54381
58477
54382
58478
54383
58479
54384
58480
54385
58481
54386
58482
54387
58483
54388
58484
54389
58485
54390
58486
54391
58487
54392
58488
54393
58489
54394
58490
54395
58491
54396
58492
54397
58493
54398
58494
54399
58495
54400
58496
54401
58497
54402
58498
54403
58499
54404
58500
54405
58501
54406
58502
54407
58503
54408
58504
54409
58505
54410
58506
54411
58507
54412
58508
54413
58509
54414
58510
54415
58511
54416
58512
54417
58513
54418
58514
54419
58515
54420
58516
54421
58517
54422
58518
54423
58519
54424
58520
54425
58521
54426
58522
54427
58523
54428
58524
54429
58525
54430
58526
54431
58527
54432
58528
54433
58529
54434
58530
54435
58531
54436
58532
54437
58533
54438
58534
54439
58535
54440
58536
54441
58537
54442
58538
54443
58539
54444
58540
54445
58541
54446
58542
54447
58543
54448
58544
54449
58545
54450
58546
54451
58547
54452
58548
54453
58549
54454
58550
54455
58551
54456
58552
54457
58553
54458
58554
54459
58555
54460
58556
54461
58557
54462
58558
54463
58559
54464
58560
54465
58561
54466
58562
54467
58563
54468
58564
54469
58565
54470
58566
54471
58567
54472
58568
54473
58569
54474
58570
54475
58571
54476
58572
54477
58573
54478
58574
58575
54479
58576
54480
58577
54481
58578
54482
58579
54483
58580
54484
58581
54485
58582
54486
58583
54487
58584
54488
58585
54489
58586
54490
58587
54491
58588
54492
58589
54493
58590
54494
58591
54495
58592
54496
58593
54497
58594
54498
58595
54499
58596
54500
58597
54501
58598
54502
58599
54503
58600
54504
58601
54505
58602
54506
58603
54507
58604
54508
58605
54509
58606
54510
58607
54511
58608
54512
58609
54513
58610
54514
58611
54515
58612
54516
58613
54517
58614
54518
58615
54519
58616
54520
58617
54521
58618
54522
58619
54523
58620
54524
58621
54525
58622
54526
58623
54527
58624
54528
58625
54529
58626
54530
58627
54531
58628
54532
58629
54533
58630
54534
58631
54535
58632
54536
58633
54537
58634
54538
58635
54539
58636
54540
58637
54541
58638
54542
58639
54543
58640
54544
58641
54545
58642
54546
58643
54547
58644
54548
58645
54549
58646
54550
58647
54551
58648
54552
58649
54553
58650
54554
58651
54555
58652
54556
58653
54557
58654
54558
58655
54559
58656
54560
58657
54561
58658
54562
58659
54563
58660
54564
58661
54565
58662
54566
58663
54567
58664
54568
58665
54569
58666
54570
58667
54571
58668
54572
58669
54573
58670
54574
58671
54575
58672
54576
58673
54577
58674
54578
58675
54579
58676
54580
58677
54581
58678
54582
58679
54583
58680
54584
58681
54585
58682
54586
58683
54587
58684
54588
58685
54589
58686
54590
58687
54591
58688
54592
58689
54593
58690
54594
58691
54595
58692
54596
58693
54597
58694
54598
58695
54599
58696
54600
58697
54601
58698
54602
58699
54603
58700
54604
58701
54605
58702
54606
58703
54607
58704
54608
58705
54609
58706
54610
58707
54611
54612
54613
54614
54615
54616
54617
54618
54619
54620
54621
54622
54623
54624
54625
54626
54627
54628
54629
54630
54631
54632
54633
54634
54635
54636
54637
54638
54639
54640
54641
54642
54643
54644
54645
54646
54647
54648
54649
54650
54651
54652
54653
54654
54655
54656
54657
54658
54659
54660
54661
54662
54663
54664
54665
54666
54667
54668
54669
54670
54671
54672
54673
54674
54675
54676
54677
54678
54679
54680
54681
54682
54683
54684
54685
54686
54687
54688
54689
54690
54691
54692
54693
54694
54695
54696
54697
54698
54699
54700
54701
54702
54703
54704
54705
54706
54707
54708
54709
54710
54711
54712
54713
54714
54715
54716
54717
54718
54719
54720
54721
54722
54723
54724
54725
54726
54727
54728
54729
54730
54731
54732
54733
54734
54735
54736
54737
54738
54739
54740
54741
54742
54743
54744
54745
54746
54747
54748
54749
54750
54751
54752
54753
54754
54755
54756
54757
54758
54759
54760
54761
54762
54763
54764
54765
54766
54767
54768
54769
54770
54771
58868
54772
58869
54773
58870
54774
58871
54775
58872
54776
58873
54777
58874
54778
58875
54779
58876
54780
58877
54781
58878
54782
58879
54783
58880
54784
58881
54785
58882
54786
58883
54787
58884
54788
58885
54789
58886
54790
58887
54791
58888
54792
58889
54793
58890
54794
58891
54795
58892
54796
58893
54797
58894
54798
58895
54799
58896
54800
58897
54801
58898
54802
58899
54803
58900
54804
58901
54805
58902
54806
58903
54807
58904
54808
54809
54810
54811
54812
54813
54814
58911
54815
58912
54816
58913
54817
54818
54819
54820
54821
54822
54823
54824
54825
54826
54827
54828
54829
54830
54831
54832
54833
54834
54835
54836
54837
54838
54839
54840
54841
54842
54843
54844
54845
54846
54847
54848
54849
54850
54851
54852
54853
54854
54855
54856
54857
54858
54859
54860
54861
54862
54863
54864
54865
54866
54867
54868
54869
54870
54871
54872
54873
54874
54875
54876
54877
54878
54879
54880
54881
54882
54883
54884
54885
54886
54887
54888
54889
54890
54891
54892
54893
54894
54895
54896
54897
54898
54899
54900
54901
54902
54903
54904
54905
54906
54907
54908
54909
54910
54911
54912
54913
54914
54915
54916
54917
54918
54919
54920
54921
54922
54923
54924
54925
54926
54927
54928
54929
54930
54931
54932
54933
54934
54935
54936
54937
54938
54939
54940
54941
54942
54943
54944
54945
54946
54947
54948
54949
54950
54951
54952
54953
54954
54955
54956
54957
54958
54959
54960
54961
54962
54963
54964
54965
54966
54967
54968
54969
54970
54971
54972
54973
54974
54975
54976
54977
54978
54979
54980
54981
54982
54983
54984
54985
54986
54987
54988
54989
54990
54991
54992
54993
54994
54995
54996
54997
54998
54999
55000
55001
55002
55003
55004
55005
55006
55007
55008
55009
55010
55011
55012
55013
55014
55015
55016
55017
55018
55019
55020
55021
55022
55023
55024
55025
55026
55027
55028
55029
55030
55031
55032
55033
55034
55035
55036
55037
55038
55039
55040
55041
55042
55043
55044
55045
55046
55047
55048
55049
55050
55051
55052
55053
55054
55055
55056
55057
55058
55059
55060
55061
55062
55063
55064
55065
55066
55067
55068
55069
55070
55071
55072
55073
55074
55075
55076
55077
55078
55079
55080
55081
55082
55083
55084
55085
55086
55087
55088
55089
55090
55091
55092
55093
55094
55095
55096
55097
55098
55099
55100
55101
55102
55103
55104
55105
55106
55107
55108
55109
55110
55111
55112
55113
55114
55115
55116
55117
55118
55119
55120
55121
55122
55123
55124
55125
55126
55127
55128
55129
55130
55131
55132
55133
55134
55135
55136
55137
55138
55139
55140
55141
55142
55143
55144
55145
55146
55147
55148
55149
55150
55151
55152
55153
55154
55155
55156
55157
55158
55159
55160
55161
55162
55163
55164
55165
55166
55167
55168
55169
55170
55171
55172
55173
55174
55175
55176
55177
55178
55179
55180
55181
55182
55183
55184
55185
55186
55187
55188
55189
55190
55191
55192
55193
55194
55195
55196
55197
55198
55199
55200
55201
55202
55203
55204
55205
55206
55207
55208
55209
55210
55211
55212
55213
55214
55215
55216
55217
55218
55219
55220
55221
55222
55223
55224
55225
55226
55227
55228
55229
55230
55231
55232
55233
55234
55235
55236
55237
55238
55239
55240
55241
55242
55243
55244
55245
55246
55247
55248
55249
55250
55251
55252
55253
55254
55255
55256
55257
55258
55259
55260
55261
55262
55263
55264
55265
55266
55267
55268
55269
55270
55271
55272
55273
55274
55275
55276
55277
55278
55279
55280
55281
55282
55283
55284
55285
55286
55287
55288
55289
55290
55291
55292
55293
55294
55295
55296
55297
55298
55299
55300
55301
55302
55303
55304
55305
55306
55307
55308
55309
55310
55311
55312
55313
55314
55315
55316
55317
55318
55319
55320
55321
55322
55323
55324
55325
55326
55327
55328
55329
55330
55331
55332
55333
55334
55335
55336
55337
55338
55339
55340
55341
55342
55343
55344
55345
55346
55347
55348
55349
55350
55351
55352
55353
55354
55355
55356
55357
55358
55359
55360
55361
55362
55363
55364
55365
55366
55367
55368
55369
55370
55371
55372
55373
55374
55375
55376
55377
55378
55379
55380
55381
55382
55383
55384
55385
55386
55387
55388
55389
55390
55391
55392
55393
55394
55395
55396
55397
55398
55399
55400
55401
55402
55403
55404
55405
55406
55407
55408
55409
55410
55411
55412
55413
55414
55415
55416
55417
55418
55419
55420
55421
55422
55423
55424
55425
55426
55427
55428
55429
55430
55431
55432
55433
55434
55435
55436
55437
55438
55439
55440
55441
55442
55443
55444
55445
55446
55447
55448
55449
55450
55451
55452
55453
55454
55455
55456
55457
55458
55459
55460
55461
55462
55463
55464
55465
55466
55467
55468
55469
55470
55471
55472
55473
55474
55475
55476
55477
55478
55479
55480
55481
55482
55483
55484
55485
55486
55487
55488
55489
55490
55491
55492
55493
55494
55495
55496
55497
55498
55499
55500
55501
55502
55503
55504
55505
55506
55507
55508
55509
55510
55511
55512
55513
55514
55515
55516
55517
55518
55519
55520
55521
55522
55523
55524
55525
55526
55527
55528
55529
55530
55531
55532
55533
55534
55535
55536
55537
55538
55539
55540
55541
55542
55543
55544
55545
55546
55547
55548
55549
55550
55551
55552
55553
55554
55555
55556
55557
55558
55559
55560
55561
55562
55563
55564
55565
55566
55567
55568
55569
55570
55571
55572
55573
55574
55575
55576
55577
55578
55579
55580
55581
55582
55583
55584
55585
55586
55587
55588
55589
55590
55591
55592
55593
55594
55595
55596
55597
55598
55599
55600
55601
55602
55603
55604
55605
55606
55607
55608
55609
55610
55611
55612
55613
55614
55615
55616
55617
55618
55619
55620
55621
55622
55623
55624
55625
55626
55627
55628
55629
55630
55631
55632
55633
55634
55635
55636
55637
55638
55639
55640
55641
55642
55643
55644
55645
55646
55647
55648
55649
55650
55651
55652
55653
55654
55655
55656
55657
55658
55659
55660
55661
55662
55663
55664
55665
55666
55667
55668
55669
55670
55671
55672
55673
55674
55675
55676
55677
55678
55679
55680
55681
55682
55683
55684
55685
55686
55687
55688
55689
55690
55691
55692
55693
55694
55695
55696
55697
55698
55699
55700
55701
55702
55703
55704
55705
55706
55707
55708
55709
55710
55711
55712
55713
55714
55715
55716
55717
55718
55719
55720
55721
55722
55723
55724
55725
55726
55727
55728
55729
55730
55731
55732
55733
55734
55735
55736
55737
55738
55739
55740
55741
55742
55743
55744
55745
55746
55747
55748
55749
55750
55751
55752
55753
55754
55755
55756
55757
55758
55759
55760
55761
55762
55763
55764
55765
55766
55767
55768
55769
55770
55771
55772
55773
55774
55775
55776
55777
55778
55779
55780
55781
55782
55783
55784
55785
55786
55787
55788
55789
)


// ************************************************************************* //
